Annotation Cluster 1	Enrichment Score: 0.9425397615069915
Category	Term	Count	%	PValue	Genes	List Total	Pop Hits	Pop Total	Fold Enrichment	Bonferroni	Benjamini	FDR
KEGG_PATHWAY	pmaj00190:Oxidative phosphorylation	3	75.0	4.879646379502022E-4	39089591, 39089588, 39089587	3	112	5048	45.07142857142857	9.756911664124956E-4	9.759292759004044E-4	9.759292759004044E-4
GOTERM_MF_DIRECT	GO:0008137~NADH dehydrogenase (ubiquinone) activity	3	75.0	0.048275862068966176	39089591, 39089588, 39089587	3	7	30	4.285714285714286	0.04827586206896617	0.048275862068966176	0.048275862068966176
KEGG_PATHWAY	pmaj01100:Metabolic pathways	3	75.0	0.07084719013703361	39089591, 39089588, 39089587	3	1344	5048	3.7559523809523814	0.13667505592375417	0.07084719013703361	0.07084719013703361
UP_KW_BIOLOGICAL_PROCESS	KW-0249~Electron transport	3	75.0	0.07692307692307726	39089591, 39089588, 39089587	3	4	13	3.25	0.21347291761493048	0.11538461538461589	0.11538461538461589
UP_KW_BIOLOGICAL_PROCESS	KW-0679~Respiratory chain	3	75.0	0.07692307692307726	39089591, 39089588, 39089587	3	4	13	3.25	0.21347291761493048	0.11538461538461589	0.11538461538461589
UP_KW_LIGAND	KW-0520~NAD	3	75.0	0.17499999999999966	39089591, 39089588, 39089587	3	7	16	2.2857142857142856	0.3193749999999993	0.23333333333333284	0.23333333333333284
UP_KW_LIGAND	KW-0830~Ubiquinone	3	75.0	0.23333333333333284	39089591, 39089588, 39089587	3	8	16	2.0	0.4122222222222215	0.23333333333333284	0.23333333333333284
UP_SEQ_FEATURE	TRANSMEM:Helical	3	75.0	0.2955665024630557	39089591, 39089588, 39089587	3	16	29	1.8125	0.7537592086414714	1.0	1.0
GOTERM_CC_DIRECT	GO:0016021~integral component of membrane	3	75.0	0.5100000000000009	39089591, 39089588, 39089587	3	18	25	1.3888888888888888	0.9717524751000003	0.683333333333337	0.683333333333337
UP_KW_BIOLOGICAL_PROCESS	KW-0813~Transport	3	75.0	0.7051282051282128	39089591, 39089588, 39089587	3	11	13	1.1818181818181819	0.9743610816096043	0.7051282051282128	0.7051282051282128
UP_KW_CELLULAR_COMPONENT	KW-0472~Membrane	3	75.0	1.0	39089591, 39089588, 39089587	3	16	16	1.0	1.0	1.0	1.0